# escribir un programa que haga la transposicion de un areglo de dos posiciones

"""
99 85 98
98 57 78
92 77 76
94 32 11
99 34 22
90 46 54
76 59 88
92 66 89
97 71 24
89 29 38

99  98  92  94  99  90  76  92  97  89
85  57  77  32  34  46  59  66  71  29
98  78  76  11  22  54  88  89  24  38

"""
